UNITS=MM
#Layer_Color=65535
#
#Feature symbol names
#
$0 r1000.00054
$1 r199.9996
$2 r508
$3 r127
$4 r800.00094
$5 r152.4
$6 r528.83562
$7 r264.98296
$8 r264.80516

#
#Feature attribute names
#
@0 .nomenclature
@1 .string
@2 .string_angle

#
#Feature attribute text strings
#
&0 
&1 +
&2 -

#
#Layer features
#
A 0.669798 4.24496992 3.9078789 1.00689156 3.9078789 4.24497246 0 P 0 N
A 0.66980054 4.24496992 3.90788144 1.00689156 3.90788144 4.24497246 4 P 0 N
A 4.44978536 86.02498416 0.66976752 82.24496886 4.44978028 82.2449714 4 P 0 N
A 4.44979044 86.02498924 0.66976752 82.24496632 4.44978536 82.2449714 0 P 0 N
A 13.8334877 70.03800064 13.8334877 70.03800064 7.833487 70.03800064 3 P 0 N
A 14.1499971 39.79999914 14.1499971 39.79999914 14.0499973 39.79999914 1 P 0 N
A 16.7249983 48.15000022 16.7249983 48.15000022 16.6249985 48.15000022 1 P 0 N
A 19.52576232 60.6625025 19.52576232 60.6625025 19.14476232 60.6625025 2 P 0 N
A 49.1637447 82.59860544 49.1637447 82.59860544 49.0637449 82.59860544 0 P 0 N
A 49.24674174 23.5655993 49.24674174 23.5655993 49.14674194 23.5655993 0 P 0 N
A 49.24674174 62.86560198 49.24674174 62.86560198 49.14674194 62.86560198 0 P 0 N
A 49.24674428 43.09060216 49.24674428 43.09060216 49.14674448 43.09060216 0 P 0 N
A 68.50060468 62.9162953 68.50060468 62.9162953 68.40060488 62.9162953 0 P 0 N
A 68.54747784 23.6321219 68.54747784 23.6321219 68.44747804 23.6321219 0 P 0 N
A 68.57403862 82.64140952 68.57403862 82.64140952 68.47403882 82.64140952 0 P 0 N
A 68.59674368 43.14059698 68.59674368 43.14059698 68.49674388 43.14059698 0 P 0 N
A 88.04374568 23.6406055 88.04374568 23.6406055 87.94374588 23.6406055 0 P 0 N
A 88.04374568 43.14098814 88.04374568 43.14098814 87.94374588 43.14098814 0 P 0 N
A 88.04374568 82.62660386 88.04374568 82.62660386 87.94374588 82.62660386 0 P 0 N
A 88.07574714 63.00760322 88.07574714 63.00760322 87.97574734 63.00760322 0 P 0 N
A 96.8756889 1.00689156 100.66977326 4.80097592 96.8756889 4.80097592 4 P 0 N
A 96.8756889 1.00689156 100.66977326 4.80097592 96.8756889 4.80097592 0 P 0 N
A 100.66976056 82.24098614 96.88579302 86.02496638 96.88586668 82.2410725 4 P 0 N
A 100.66977072 82.24099376 96.88579556 86.02496638 96.88588192 82.24107758 0 P 0 N
L 0.66976752 82.24496886 0.669798 4.24497246 4 P 0
L 0.66976752 82.24496886 0.669798 4.24497246 0 P 0
L 3.13348624 71.9241513 3.98168622 71.9241513 7 P 0 ;0,1=1,2=0.000000
L 3.55758496 72.34825002 3.55758496 71.50005004 7 P 0 ;0,1=1,2=0.000000
L 3.90788144 1.00689156 13.35177162 1.00689156 4 P 0
L 3.90788144 1.00689156 13.35177162 1.00689156 0 P 0
L 4.44979044 86.02499178 96.88579556 86.02496892 0 P 0
L 4.44979044 86.02499178 96.88579556 86.02496892 4 P 0
L 8.28478658 54.03498718 8.28478912 0.6849872 5 P 0
L 8.28478658 54.03498718 32.70978726 54.03498718 5 P 0
L 8.28478912 0.6849872 32.7097898 0.6849872 5 P 0
L 11.33348762 71.49987224 12.18111864 71.49987224 8 P 0 ;0,1=2,2=0.000000
L 13.13348656 50.12499754 13.13348656 52.02499882 1 P 0
L 13.13348656 50.12499754 16.98348648 50.12499754 1 P 0
L 13.13348656 52.02499882 16.98348648 52.02499882 1 P 0
L 13.17499778 41.94999992 13.17499778 43.04999772 3 P 0
L 13.20000154 45.7499974 13.20000154 47.14999714 1 P 0
L 13.20000154 45.7499974 13.90000268 45.7499974 1 P 0
L 13.35177162 1.00689156 27.7078821 1.00689156 0 P 0
L 13.35177162 1.00689156 27.7078821 1.00689156 4 P 0
L 13.84478562 29.44498556 13.84478562 31.34498684 1 P 0
L 13.84478562 29.44498556 17.69478554 29.44498556 1 P 0
L 13.84478562 31.34498684 17.69478554 31.34498684 1 P 0
L 13.86978684 27.46998824 13.86978684 29.36998952 1 P 0
L 13.86978684 27.46998824 17.71978676 27.46998824 1 P 0
L 13.86978684 29.36998952 17.71978676 29.36998952 1 P 0
L 13.89478552 31.46998786 13.89478552 33.36998914 1 P 0
L 13.89478552 31.46998786 17.74478544 31.46998786 1 P 0
L 13.89478552 33.36998914 17.74478544 33.36998914 1 P 0
L 13.94478542 12.24498694 13.94478542 14.14498822 1 P 0
L 13.94478542 12.24498694 17.79478534 12.24498694 1 P 0
L 13.94478542 14.14498822 17.79478534 14.14498822 1 P 0
L 13.94478542 14.29498538 13.94478542 16.19498666 1 P 0
L 13.94478542 14.29498538 17.79478534 14.29498538 1 P 0
L 13.94478542 16.19498666 17.79478534 16.19498666 1 P 0
L 13.94478542 16.4449887 13.94478542 18.34498998 1 P 0
L 13.94478542 16.4449887 17.79478534 16.4449887 1 P 0
L 13.94478542 18.34498998 17.79478534 18.34498998 1 P 0
L 13.94478542 19.89498688 13.94478542 21.79498816 1 P 0
L 13.94478542 19.89498688 17.79478534 19.89498688 1 P 0
L 13.94478542 21.79498816 17.79478534 21.79498816 1 P 0
L 13.94478542 22.01998644 13.94478542 23.91998772 1 P 0
L 13.94478542 22.01998644 17.79478534 22.01998644 1 P 0
L 13.94478542 23.91998772 17.79478534 23.91998772 1 P 0
L 13.94478542 24.14498854 13.94478542 26.04498982 1 P 0
L 13.94478542 24.14498854 17.79478534 24.14498854 1 P 0
L 13.94478542 26.04498982 17.79478534 26.04498982 1 P 0
L 14.97499926 41.94999992 14.97499926 43.04999772 3 P 0
L 15.61305996 62.4071015 15.61305996 68.21804492 5 P 0
L 15.61305996 62.4071015 18.02060658 62.4071015 5 P 0
L 15.61305996 71.8569556 15.61305996 77.1645015 5 P 0
L 15.61305996 77.1645015 18.02020018 77.1645015 5 P 0
L 15.75000152 45.74999994 16.45000012 45.74999994 1 P 0
L 16.45000012 45.74999994 16.45000012 47.14999714 1 P 0
L 16.98348648 50.12499754 16.98348648 52.02499882 1 P 0
L 17.69478554 29.44498556 17.69478554 31.34498684 1 P 0
L 17.71978676 27.46998824 17.71978676 29.36998952 1 P 0
L 17.74478544 31.46998786 17.74478544 33.36998914 1 P 0
L 17.79478534 12.24498694 17.79478534 14.14498822 1 P 0
L 17.79478534 14.29498538 17.79478534 16.19498666 1 P 0
L 17.79478534 16.4449887 17.79478534 18.34498998 1 P 0
L 17.79478534 19.89498688 17.79478534 21.79498816 1 P 0
L 17.79478534 22.01998644 17.79478534 23.91998772 1 P 0
L 17.79478534 24.14498854 17.79478534 26.04498982 1 P 0
L 20.16931958 77.1645015 23.02020034 77.1645015 5 P 0
L 21.09478636 2.03307442 21.09478636 3.9330757 1 P 0
L 21.09478636 2.03307442 24.94478628 2.03307442 1 P 0
L 21.09478636 3.9330757 24.94478628 3.9330757 1 P 0
L 21.09478636 4.11242002 21.09478636 6.0124213 1 P 0
L 21.09478636 4.11242002 24.94478628 4.11242002 1 P 0
L 21.09478636 6.0124213 24.94478628 6.0124213 1 P 0
L 21.09478636 6.19176562 21.09478636 8.0917669 1 P 0
L 21.09478636 6.19176562 24.94478628 6.19176562 1 P 0
L 21.09478636 8.0917669 24.94478628 8.0917669 1 P 0
L 21.09478636 8.27111122 21.09478636 10.1711125 1 P 0
L 21.09478636 8.27111122 24.94478628 8.27111122 1 P 0
L 21.09478636 10.1711125 24.94478628 10.1711125 1 P 0
L 21.09478636 10.35045682 21.09478636 12.2504581 1 P 0
L 21.09478636 10.35045682 24.94478628 10.35045682 1 P 0
L 21.09478636 12.2504581 24.94478628 12.2504581 1 P 0
L 21.09478636 12.42980242 21.09478636 14.3298037 1 P 0
L 21.09478636 12.42980242 24.94478628 12.42980242 1 P 0
L 21.09478636 14.3298037 24.94478628 14.3298037 1 P 0
L 21.09478636 14.50914802 21.09478636 16.4091493 1 P 0
L 21.09478636 14.50914802 24.94478628 14.50914802 1 P 0
L 21.09478636 16.4091493 24.94478628 16.4091493 1 P 0
L 21.09478636 16.58849362 21.09478636 18.4884949 1 P 0
L 21.09478636 16.58849362 24.94478628 16.58849362 1 P 0
L 21.09478636 18.4884949 24.94478628 18.4884949 1 P 0
L 21.09478636 18.66783922 21.09478636 20.5678405 1 P 0
L 21.09478636 18.66783922 24.94478628 18.66783922 1 P 0
L 21.09478636 20.5678405 24.94478628 20.5678405 1 P 0
L 21.09478636 20.74718482 21.09478636 22.6471861 1 P 0
L 21.09478636 20.74718482 24.94478628 20.74718482 1 P 0
L 21.09478636 22.6471861 24.94478628 22.6471861 1 P 0
L 21.09478636 22.82653042 21.09478636 24.7265317 1 P 0
L 21.09478636 22.82653042 24.94478628 22.82653042 1 P 0
L 21.09478636 24.7265317 24.94478628 24.7265317 1 P 0
L 21.09478636 24.90587602 21.09478636 26.8058773 1 P 0
L 21.09478636 24.90587602 24.94478628 24.90587602 1 P 0
L 21.09478636 26.8058773 24.94478628 26.8058773 1 P 0
L 21.09478636 26.98522162 21.09478636 28.8852229 1 P 0
L 21.09478636 26.98522162 24.94478628 26.98522162 1 P 0
L 21.09478636 28.8852229 24.94478628 28.8852229 1 P 0
L 21.09478636 29.06456722 21.09478636 30.9645685 1 P 0
L 21.09478636 29.06456722 24.94478628 29.06456722 1 P 0
L 21.09478636 30.9645685 24.94478628 30.9645685 1 P 0
L 21.09478636 31.14391282 21.09478636 33.0439141 1 P 0
L 21.09478636 31.14391282 24.94478628 31.14391282 1 P 0
L 21.09478636 33.0439141 24.94478628 33.0439141 1 P 0
L 21.09478636 33.22325842 21.09478636 35.1232597 1 P 0
L 21.09478636 33.22325842 24.94478628 33.22325842 1 P 0
L 21.09478636 35.1232597 24.94478628 35.1232597 1 P 0
L 21.09478636 35.30260402 21.09478636 37.2026053 1 P 0
L 21.09478636 35.30260402 24.94478628 35.30260402 1 P 0
L 21.09478636 37.2026053 24.94478628 37.2026053 1 P 0
L 21.09478636 37.38194962 21.09478636 39.2819509 1 P 0
L 21.09478636 37.38194962 24.94478628 37.38194962 1 P 0
L 21.09478636 39.2819509 24.94478628 39.2819509 1 P 0
L 21.09478636 39.46129522 21.09478636 41.3612965 1 P 0
L 21.09478636 39.46129522 24.94478628 39.46129522 1 P 0
L 21.09478636 41.3612965 24.94478628 41.3612965 1 P 0
L 21.09478636 41.54064082 21.09478636 43.4406421 1 P 0
L 21.09478636 41.54064082 24.94478628 41.54064082 1 P 0
L 21.09478636 43.4406421 24.94478628 43.4406421 1 P 0
L 21.09478636 43.61998642 21.09478636 45.5199877 1 P 0
L 21.09478636 43.61998642 24.94478628 43.61998642 1 P 0
L 21.09478636 45.5199877 24.94478628 45.5199877 1 P 0
L 21.09478636 45.69933202 21.09478636 47.5993333 1 P 0
L 21.09478636 45.69933202 24.94478628 45.69933202 1 P 0
L 21.09478636 47.5993333 24.94478628 47.5993333 1 P 0
L 21.09478636 47.77867762 21.09478636 49.6786789 1 P 0
L 21.09478636 47.77867762 24.94478628 47.77867762 1 P 0
L 21.09478636 49.6786789 24.94478628 49.6786789 1 P 0
L 21.09478636 49.85802322 21.09478636 51.7580245 1 P 0
L 21.09478636 49.85802322 24.94478628 49.85802322 1 P 0
L 21.09478636 51.7580245 24.94478628 51.7580245 1 P 0
L 24.94478628 2.03307442 24.94478628 3.9330757 1 P 0
L 24.94478628 4.11242002 24.94478628 6.0124213 1 P 0
L 24.94478628 6.19176562 24.94478628 8.0917669 1 P 0
L 24.94478628 8.27111122 24.94478628 10.1711125 1 P 0
L 24.94478628 10.35045682 24.94478628 12.2504581 1 P 0
L 24.94478628 12.42980242 24.94478628 14.3298037 1 P 0
L 24.94478628 14.50914802 24.94478628 16.4091493 1 P 0
L 24.94478628 16.58849362 24.94478628 18.4884949 1 P 0
L 24.94478628 18.66783922 24.94478628 20.5678405 1 P 0
L 24.94478628 20.74718482 24.94478628 22.6471861 1 P 0
L 24.94478628 22.82653042 24.94478628 24.7265317 1 P 0
L 24.94478628 24.90587602 24.94478628 26.8058773 1 P 0
L 24.94478628 26.98522162 24.94478628 28.8852229 1 P 0
L 24.94478628 29.06456722 24.94478628 30.9645685 1 P 0
L 24.94478628 31.14391282 24.94478628 33.0439141 1 P 0
L 24.94478628 33.22325842 24.94478628 35.1232597 1 P 0
L 24.94478628 35.30260402 24.94478628 37.2026053 1 P 0
L 24.94478628 37.38194962 24.94478628 39.2819509 1 P 0
L 24.94478628 39.46129522 24.94478628 41.3612965 1 P 0
L 24.94478628 41.54064082 24.94478628 43.4406421 1 P 0
L 24.94478628 43.61998642 24.94478628 45.5199877 1 P 0
L 24.94478628 45.69933202 24.94478628 47.5993333 1 P 0
L 24.94478628 47.77867762 24.94478628 49.6786789 1 P 0
L 24.94478628 49.85802322 24.94478628 51.7580245 1 P 0
L 25.0197874 2.13307422 25.0197874 5.98307414 1 P 0
L 25.0197874 2.13307422 26.91978868 2.13307422 1 P 0
L 25.0197874 5.98307414 26.91978868 5.98307414 1 P 0
L 25.0197874 6.28307354 25.0197874 10.13307346 1 P 0
L 25.0197874 6.28307354 26.91978868 6.28307354 1 P 0
L 25.0197874 10.13307346 26.91978868 10.13307346 1 P 0
L 25.0197874 10.43307286 25.0197874 14.28307278 1 P 0
L 25.0197874 10.43307286 26.91978868 10.43307286 1 P 0
L 25.0197874 14.28307278 26.91978868 14.28307278 1 P 0
L 25.0197874 14.58307218 25.0197874 18.4330721 1 P 0
L 25.0197874 14.58307218 26.91978868 14.58307218 1 P 0
L 25.0197874 18.4330721 26.91978868 18.4330721 1 P 0
L 25.0197874 18.7330715 25.0197874 22.58307142 1 P 0
L 25.0197874 18.7330715 26.91978868 18.7330715 1 P 0
L 25.0197874 22.58307142 26.91978868 22.58307142 1 P 0
L 25.0197874 22.88307082 25.0197874 26.73307074 1 P 0
L 25.0197874 22.88307082 26.91978868 22.88307082 1 P 0
L 25.0197874 26.73307074 26.91978868 26.73307074 1 P 0
L 25.0197874 27.03307014 25.0197874 30.88307006 1 P 0
L 25.0197874 27.03307014 26.91978868 27.03307014 1 P 0
L 25.0197874 30.88307006 26.91978868 30.88307006 1 P 0
L 25.0197874 31.18306946 25.0197874 35.03306938 1 P 0
L 25.0197874 31.18306946 26.91978868 31.18306946 1 P 0
L 25.0197874 35.03306938 26.91978868 35.03306938 1 P 0
L 25.0197874 35.33306878 25.0197874 39.1830687 1 P 0
L 25.0197874 35.33306878 26.91978868 35.33306878 1 P 0
L 25.0197874 39.1830687 26.91978868 39.1830687 1 P 0
L 25.0197874 39.4830681 25.0197874 43.33306802 1 P 0
L 25.0197874 39.4830681 26.91978868 39.4830681 1 P 0
L 25.0197874 43.33306802 26.91978868 43.33306802 1 P 0
L 25.0197874 43.63306742 25.0197874 47.48306734 1 P 0
L 25.0197874 43.63306742 26.91978868 43.63306742 1 P 0
L 25.0197874 47.48306734 26.91978868 47.48306734 1 P 0
L 25.0197874 47.78306674 25.0197874 51.63306666 1 P 0
L 25.0197874 47.78306674 26.91978868 47.78306674 1 P 0
L 25.0197874 51.63306666 26.91978868 51.63306666 1 P 0
L 25.16891334 62.4071015 27.57645996 62.4071015 5 P 0
L 25.16931974 77.1645015 27.57645996 77.1645015 5 P 0
L 26.91978868 2.13307422 26.91978868 5.98307414 1 P 0
L 26.91978868 6.28307354 26.91978868 10.13307346 1 P 0
L 26.91978868 10.43307286 26.91978868 14.28307278 1 P 0
L 26.91978868 14.58307218 26.91978868 18.4330721 1 P 0
L 26.91978868 18.7330715 26.91978868 22.58307142 1 P 0
L 26.91978868 22.88307082 26.91978868 26.73307074 1 P 0
L 26.91978868 27.03307014 26.91978868 30.88307006 1 P 0
L 26.91978868 31.18306946 26.91978868 35.03306938 1 P 0
L 26.91978868 35.33306878 26.91978868 39.1830687 1 P 0
L 26.91978868 39.4830681 26.91978868 43.33306802 1 P 0
L 26.91978868 43.63306742 26.91978868 47.48306734 1 P 0
L 26.91978868 47.78306674 26.91978868 51.63306666 1 P 0
L 27.57645996 62.4071015 27.57645996 68.21804492 5 P 0
L 27.57645996 71.8569556 27.57645996 77.1645015 5 P 0
L 27.7078821 1.00689156 96.8756889 1.00689156 4 P 0
L 27.7078821 1.00689156 96.8756889 1.00689156 0 P 0
L 32.70978726 54.03498718 32.7097898 0.6849872 5 P 0
L 37.90848654 70.5999985 37.90848654 74.44999842 1 P 0
L 37.90848654 70.5999985 39.80848782 70.5999985 1 P 0
L 37.90848654 74.44999842 39.80848782 74.44999842 1 P 0
L 37.93348776 51.0499995 37.93348776 54.89999942 1 P 0
L 37.93348776 51.0499995 39.83348904 51.0499995 1 P 0
L 37.93348776 54.89999942 39.83348904 54.89999942 1 P 0
L 37.9637417 64.77360426 37.9637417 64.87360406 1 P 0
L 37.9637417 64.77360426 39.76374318 64.77360426 1 P 0
L 37.9637417 64.87360406 37.9637417 65.79860094 1 P 0
L 37.9637417 79.47360534 37.9637417 81.1457991 1 P 0
L 37.9637417 81.1457991 37.98734084 81.1457991 1 P 0
L 37.98348766 11.82500048 37.98348766 15.6750004 1 P 0
L 37.98348766 11.82500048 39.88348894 11.82500048 1 P 0
L 37.98348766 15.6750004 39.88348894 15.6750004 1 P 0
L 37.98348766 31.29999836 37.98348766 35.14999828 1 P 0
L 37.98348766 31.29999836 39.88348894 31.29999836 1 P 0
L 37.98348766 35.14999828 39.88348894 35.14999828 1 P 0
L 37.98734084 81.1457991 37.98734084 81.1486058 1 P 0
L 37.98734084 81.1486058 39.38874266 81.1486058 1 P 0
L 38.04673874 5.74059812 38.04673874 5.84059792 1 P 0
L 38.04673874 5.74059812 39.84674022 5.74059812 1 P 0
L 38.04673874 5.84059792 38.04673874 6.7655948 1 P 0
L 38.04673874 20.4405992 38.04673874 22.11279296 1 P 0
L 38.04673874 22.11279296 38.07033788 22.11279296 1 P 0
L 38.04673874 45.0406008 38.04673874 45.1406006 1 P 0
L 38.04673874 45.0406008 39.84674022 45.0406008 1 P 0
L 38.04673874 45.1406006 38.04673874 46.06559748 1 P 0
L 38.04673874 59.74060188 38.04673874 61.41279564 1 P 0
L 38.04673874 61.41279564 38.07033788 61.41279564 1 P 0
L 38.04674128 25.26560098 38.04674128 25.36560078 1 P 0
L 38.04674128 25.26560098 39.84674276 25.26560098 1 P 0
L 38.04674128 25.36560078 38.04674128 26.29059766 1 P 0
L 38.04674128 39.96560206 38.04674128 41.63779582 1 P 0
L 38.04674128 41.63779582 38.07034042 41.63779582 1 P 0
L 38.07033788 22.11279296 38.07033788 22.11559966 1 P 0
L 38.07033788 22.11559966 39.4717397 22.11559966 1 P 0
L 38.07033788 61.41279564 38.07033788 61.41560234 1 P 0
L 38.07033788 61.41560234 39.4717397 61.41560234 1 P 0
L 38.07034042 41.63779582 38.07034042 41.64060252 1 P 0
L 38.07034042 41.64060252 39.47174224 41.64060252 1 P 0
L 39.80848782 70.5999985 39.80848782 74.44999842 1 P 0
L 39.83348904 51.0499995 39.83348904 54.89999942 1 P 0
L 39.88348894 11.82500048 39.88348894 15.6750004 1 P 0
L 39.88348894 31.29999836 39.88348894 35.14999828 1 P 0
L 41.93874264 76.57360352 42.51374276 76.57360352 1 P 0
L 42.02173968 17.54059738 42.5967398 17.54059738 1 P 0
L 42.02173968 56.84060006 42.5967398 56.84060006 1 P 0
L 42.02174222 37.06560024 42.59674234 37.06560024 1 P 0
L 42.03874498 68.87360368 42.51374276 68.87360368 1 P 0
L 42.12174202 9.84059754 42.5967398 9.84059754 1 P 0
L 42.12174202 49.14060022 42.5967398 49.14060022 1 P 0
L 42.12174456 29.3656004 42.59674234 29.3656004 1 P 0
L 42.51374276 68.87360368 42.51374276 76.57360352 3 P 0
L 42.5967398 9.84059754 42.5967398 17.54059738 3 P 0
L 42.5967398 49.14060022 42.5967398 56.84060006 3 P 0
L 42.59674234 29.3656004 42.59674234 37.06560024 3 P 0
L 52.71374268 64.79860548 54.71374376 64.79860548 1 P 0
L 52.79673972 5.76559934 54.7967408 5.76559934 1 P 0
L 52.79673972 45.06560202 54.7967408 45.06560202 1 P 0
L 52.79674226 25.2906022 54.79674334 25.2906022 1 P 0
L 53.21374422 81.22360438 54.66374386 81.22360438 1 P 0
L 53.29674126 22.19059824 54.7467409 22.19059824 1 P 0
L 53.29674126 61.49060092 54.7467409 61.49060092 1 P 0
L 53.2967438 41.7156011 54.74674344 41.7156011 1 P 0
L 54.66374386 81.22360438 54.73874244 81.22360438 1 P 0
L 54.71374376 64.79860548 54.71374376 64.87360406 1 P 0
L 54.71374376 64.87360406 54.71374376 66.3236037 1 P 0
L 54.73874244 79.2236033 54.73874244 81.22360438 1 P 0
L 54.7467409 22.19059824 54.82173948 22.19059824 1 P 0
L 54.7467409 61.49060092 54.82173948 61.49060092 1 P 0
L 54.74674344 41.7156011 54.82174202 41.7156011 1 P 0
L 54.7967408 5.76559934 54.7967408 5.84059792 1 P 0
L 54.7967408 5.84059792 54.7967408 7.29059756 1 P 0
L 54.7967408 45.06560202 54.7967408 45.1406006 1 P 0
L 54.7967408 45.1406006 54.7967408 46.59060024 1 P 0
L 54.79674334 25.2906022 54.79674334 25.36560078 1 P 0
L 54.79674334 25.36560078 54.79674334 26.81560042 1 P 0
L 54.82173948 20.19059716 54.82173948 22.19059824 1 P 0
L 54.82173948 59.49059984 54.82173948 61.49060092 1 P 0
L 54.82174202 39.71560002 54.82174202 41.7156011 1 P 0
L 57.20848604 51.0999994 57.20848604 54.94999932 1 P 0
L 57.20848604 51.0999994 59.10848732 51.0999994 1 P 0
L 57.20848604 54.94999932 59.10848732 54.94999932 1 P 0
L 57.23348726 11.79999926 57.23348726 15.64999918 1 P 0
L 57.23348726 11.79999926 59.13348854 11.79999926 1 P 0
L 57.23348726 15.64999918 59.13348854 15.64999918 1 P 0
L 57.28348716 31.37499948 57.28348716 35.2249994 1 P 0
L 57.28348716 31.37499948 59.18348844 31.37499948 1 P 0
L 57.28348716 35.2249994 59.18348844 35.2249994 1 P 0
L 57.28348716 70.7999981 57.28348716 74.64999802 1 P 0
L 57.28348716 70.7999981 59.18348844 70.7999981 1 P 0
L 57.28348716 74.64999802 59.18348844 74.64999802 1 P 0
L 57.30060168 45.09129412 57.30060168 45.19129392 1 P 0
L 57.30060168 45.09129412 59.10060316 45.09129412 1 P 0
L 57.30060168 45.19129392 57.30060168 46.1162908 1 P 0
L 57.30060168 59.7912952 57.30060168 61.46348896 1 P 0
L 57.30060168 61.46348896 57.32420082 61.46348896 1 P 0
L 57.32420082 61.46348896 57.32420082 61.46629566 1 P 0
L 57.32420082 61.46629566 58.72560264 61.46629566 1 P 0
L 57.34747484 5.80712072 57.34747484 5.90712052 1 P 0
L 57.34747484 5.80712072 59.14747632 5.80712072 1 P 0
L 57.34747484 5.90712052 57.34747484 6.8321174 1 P 0
L 57.34747484 20.5071218 57.34747484 22.17931556 1 P 0
L 57.34747484 22.17931556 57.37107398 22.17931556 1 P 0
L 57.37107398 22.17931556 57.37107398 22.18212226 1 P 0
L 57.37107398 22.18212226 58.7724758 22.18212226 1 P 0
L 57.37403562 64.81640834 57.37403562 64.91640814 1 P 0
L 57.37403562 64.81640834 59.1740371 64.81640834 1 P 0
L 57.37403562 64.91640814 57.37403562 65.84140502 1 P 0
L 57.37403562 79.51640942 57.37403562 81.18860318 1 P 0
L 57.37403562 81.18860318 57.39763476 81.18860318 1 P 0
L 57.39674068 25.3155958 57.39674068 25.4155956 1 P 0
L 57.39674068 25.3155958 59.19674216 25.3155958 1 P 0
L 57.39674068 25.4155956 57.39674068 26.34059248 1 P 0
L 57.39674068 40.01559688 57.39674068 41.68779064 1 P 0
L 57.39674068 41.68779064 57.42033982 41.68779064 1 P 0
L 57.39763476 81.18860318 57.39763476 81.19140988 1 P 0
L 57.39763476 81.19140988 58.79903658 81.19140988 1 P 0
L 57.42033982 41.68779064 57.42033982 41.69059734 1 P 0
L 57.42033982 41.69059734 58.82174164 41.69059734 1 P 0
L 59.10848732 51.0999994 59.10848732 54.94999932 1 P 0
L 59.13348854 11.79999926 59.13348854 15.64999918 1 P 0
L 59.18348844 31.37499948 59.18348844 35.2249994 1 P 0
L 59.18348844 70.7999981 59.18348844 74.64999802 1 P 0
L 61.27560262 56.89129338 61.85060274 56.89129338 1 P 0
L 61.32247578 17.60711998 61.8974759 17.60711998 1 P 0
L 61.34903656 76.6164076 61.92403668 76.6164076 1 P 0
L 61.37174162 37.11559506 61.94674174 37.11559506 1 P 0
L 61.37560496 49.19129354 61.85060274 49.19129354 1 P 0
L 61.42247812 9.90712014 61.8974759 9.90712014 1 P 0
L 61.4490389 68.91640776 61.92403668 68.91640776 1 P 0
L 61.47174396 29.41559522 61.94674174 29.41559522 1 P 0
L 61.85060274 49.19129354 61.85060274 56.89129338 3 P 0
L 61.8974759 9.90712014 61.8974759 17.60711998 3 P 0
L 61.92403668 68.91640776 61.92403668 76.6164076 3 P 0
L 61.94674174 29.41559522 61.94674174 37.11559506 3 P 0
L 72.05060266 45.11629534 74.05060374 45.11629534 1 P 0
L 72.09747582 5.83212194 74.0974769 5.83212194 1 P 0
L 72.1240366 64.84140956 74.12403768 64.84140956 1 P 0
L 72.14674166 25.34059702 74.14674274 25.34059702 1 P 0
L 72.5506042 61.54129424 74.00060384 61.54129424 1 P 0
L 72.59747736 22.25712084 74.047477 22.25712084 1 P 0
L 72.62403814 81.26640846 74.07403778 81.26640846 1 P 0
L 72.6467432 41.76559592 74.09674284 41.76559592 1 P 0
L 74.00060384 61.54129424 74.07560242 61.54129424 1 P 0
L 74.047477 22.25712084 74.12247558 22.25712084 1 P 0
L 74.05060374 45.11629534 74.05060374 45.19129392 1 P 0
L 74.05060374 45.19129392 74.05060374 46.64129356 1 P 0
L 74.07403778 81.26640846 74.14903636 81.26640846 1 P 0
L 74.07560242 59.54129316 74.07560242 61.54129424 1 P 0
L 74.09674284 41.76559592 74.17174142 41.76559592 1 P 0
L 74.0974769 5.83212194 74.0974769 5.90712052 1 P 0
L 74.0974769 5.90712052 74.0974769 7.35712016 1 P 0
L 74.12247558 20.25711976 74.12247558 22.25712084 1 P 0
L 74.12403768 64.84140956 74.12403768 64.91640814 1 P 0
L 74.12403768 64.91640814 74.12403768 66.36640778 1 P 0
L 74.14674274 25.34059702 74.14674274 25.4155956 1 P 0
L 74.14674274 25.4155956 74.14674274 26.86559524 1 P 0
L 74.14903636 79.26640738 74.14903636 81.26640846 1 P 0
L 74.17174142 39.76559484 74.17174142 41.76559592 1 P 0
L 76.68348646 31.37499948 76.68348646 35.2249994 1 P 0
L 76.68348646 31.37499948 78.58348774 31.37499948 1 P 0
L 76.68348646 35.2249994 78.58348774 35.2249994 1 P 0
L 76.68348646 51.02499828 76.68348646 54.8749982 1 P 0
L 76.68348646 51.02499828 78.58348774 51.02499828 1 P 0
L 76.68348646 54.8749982 78.58348774 54.8749982 1 P 0
L 76.70468022 70.709663 76.70468022 74.55966292 1 P 0
L 76.70468022 70.709663 78.6046815 70.709663 1 P 0
L 76.70468022 74.55966292 78.6046815 74.55966292 1 P 0
L 76.70848768 11.77499804 76.70848768 15.62499796 1 P 0
L 76.70848768 11.77499804 78.60848896 11.77499804 1 P 0
L 76.70848768 15.62499796 78.60848896 15.62499796 1 P 0
L 76.84374268 5.81560432 76.84374268 5.91560412 1 P 0
L 76.84374268 5.81560432 78.64374416 5.81560432 1 P 0
L 76.84374268 5.91560412 76.84374268 6.840601 1 P 0
L 76.84374268 20.5156054 76.84374268 22.18779916 1 P 0
L 76.84374268 22.18779916 76.86734182 22.18779916 1 P 0
L 76.84374268 25.31598696 76.84374268 25.41598676 1 P 0
L 76.84374268 25.31598696 78.64374416 25.31598696 1 P 0
L 76.84374268 25.41598676 76.84374268 26.34098364 1 P 0
L 76.84374268 40.01598804 76.84374268 41.6881818 1 P 0
L 76.84374268 41.6881818 76.86734182 41.6881818 1 P 0
L 76.84374268 64.80160268 76.84374268 64.90160248 1 P 0
L 76.84374268 64.80160268 78.64374416 64.80160268 1 P 0
L 76.84374268 64.90160248 76.84374268 65.82659936 1 P 0
L 76.84374268 79.50160376 76.84374268 81.17379752 1 P 0
L 76.84374268 81.17379752 76.86734182 81.17379752 1 P 0
L 76.86734182 22.18779916 76.86734182 22.19060586 1 P 0
L 76.86734182 22.19060586 78.26874364 22.19060586 1 P 0
L 76.86734182 41.6881818 76.86734182 41.6909885 1 P 0
L 76.86734182 41.6909885 78.26874364 41.6909885 1 P 0
L 76.86734182 81.17379752 76.86734182 81.17660422 1 P 0
L 76.86734182 81.17660422 78.26874364 81.17660422 1 P 0
L 76.87574414 45.18260204 76.87574414 45.28260184 1 P 0
L 76.87574414 45.18260204 78.67574562 45.18260204 1 P 0
L 76.87574414 45.28260184 76.87574414 46.20759872 1 P 0
L 76.87574414 59.88260312 76.87574414 61.55479688 1 P 0
L 76.87574414 61.55479688 76.89934328 61.55479688 1 P 0
L 76.89934328 61.55479688 76.89934328 61.55760358 1 P 0
L 76.89934328 61.55760358 78.3007451 61.55760358 1 P 0
L 78.58348774 31.37499948 78.58348774 35.2249994 1 P 0
L 78.58348774 51.02499828 78.58348774 54.8749982 1 P 0
L 78.6046815 70.709663 78.6046815 74.55966292 1 P 0
L 78.60848896 11.77499804 78.60848896 15.62499796 1 P 0
L 80.81874362 17.61560358 81.39374374 17.61560358 1 P 0
L 80.81874362 37.11598622 81.39374374 37.11598622 1 P 0
L 80.81874362 76.60160194 81.39374374 76.60160194 1 P 0
L 80.85074508 56.9826013 81.4257452 56.9826013 1 P 0
L 80.91874596 9.91560374 81.39374374 9.91560374 1 P 0
L 80.91874596 29.41598638 81.39374374 29.41598638 1 P 0
L 80.91874596 68.9016021 81.39374374 68.9016021 1 P 0
L 80.95074742 49.28260146 81.4257452 49.28260146 1 P 0
L 81.39374374 9.91560374 81.39374374 17.61560358 3 P 0
L 81.39374374 29.41598638 81.39374374 37.11598622 3 P 0
L 81.39374374 68.9016021 81.39374374 76.60160194 3 P 0
L 81.4257452 49.28260146 81.4257452 56.9826013 3 P 0
L 91.59374366 5.84060554 93.59374474 5.84060554 1 P 0
L 91.59374366 25.34098818 93.59374474 25.34098818 1 P 0
L 91.59374366 64.8266039 93.59374474 64.8266039 1 P 0
L 91.62574512 45.20760326 93.6257462 45.20760326 1 P 0
L 92.0937452 22.26560444 93.54374484 22.26560444 1 P 0
L 92.0937452 41.76598708 93.54374484 41.76598708 1 P 0
L 92.0937452 81.2516028 93.54374484 81.2516028 1 P 0
L 92.12574666 61.63260216 93.5757463 61.63260216 1 P 0
L 93.54374484 22.26560444 93.61874342 22.26560444 1 P 0
L 93.54374484 41.76598708 93.61874342 41.76598708 1 P 0
L 93.54374484 81.2516028 93.61874342 81.2516028 1 P 0
L 93.5757463 61.63260216 93.65074488 61.63260216 1 P 0
L 93.59374474 5.84060554 93.59374474 5.91560412 1 P 0
L 93.59374474 5.91560412 93.59374474 7.36560376 1 P 0
L 93.59374474 25.34098818 93.59374474 25.41598676 1 P 0
L 93.59374474 25.41598676 93.59374474 26.8659864 1 P 0
L 93.59374474 64.8266039 93.59374474 64.90160248 1 P 0
L 93.59374474 64.90160248 93.59374474 66.35160212 1 P 0
L 93.61874342 20.26560336 93.61874342 22.26560444 1 P 0
L 93.61874342 39.765986 93.61874342 41.76598708 1 P 0
L 93.61874342 79.25160172 93.61874342 81.2516028 1 P 0
L 93.6257462 45.20760326 93.6257462 45.28260184 1 P 0
L 93.6257462 45.28260184 93.6257462 46.73260148 1 P 0
L 93.65074488 59.63260108 93.65074488 61.63260216 1 P 0
L 100.66977326 4.80097592 100.66977326 82.24099376 4 P 0
L 100.66977326 4.80097592 100.66977326 82.24099376 0 P 0
